strategic_region={
	id=88
	name="East Leovardia"
	provinces={
		232 516 532 545 681 684 730 739 821 1124 1140 1230 1302 1402 1592 1604 1624 1836 1888 1928 1991 2173 2250 2533 2572 2608 2675 2737 2744 2811 2849 2882 3013 3028 3087 3114 3494 3498 3677 3732 3951 4255 4318 4484 4506 4515 4666 4675 4691 4821 4864 4871 5079 8337 8445 8463 8471 8518 8543 8563 8612 8618 8637 8656 8657 8675 8676 8683 8704 8710 8746 8767 8768 8769 8801 8802 8809 8821 8825 8843 8867 8872 8888 8889 8890 8903 8921 8922 8953 8983 15851 
	}
	weather={
		period={
			between={ 0.0 30.11 }
			temperature={ 15.0 15.0 }
			no_phenomenon=1.000
			rain_light=0.000
			rain_heavy=0.000
			snow=0.000
			blizzard=0.000
			arctic_water=0.000
			mud=0.000
			sandstorm=0.000
			min_snow_level=0.000
		}
	}
}
