1 2 9 7309
1 2 9 7382
1 2 9 7388
1 2 13 996
1 2 13 3638
2 2 19 1349
1 2 19 3430
1 2 19 5535
2 2 19 5547
1 2 19 5643
1 2 26 836
1 2 28 7790
1 2 28 7823
1 2 42 1835
1 2 42 2787
1 2 42 5005
1 2 42 5609
1 2 45 2697
1 2 45 5283
1 2 46 4287
1 2 46 4517
1 2 48 8349
1 2 48 8363
1 2 49 2177
1 2 49 7177
1 2 49 7187
1 2 49 7215
1 2 49 7243
1 2 68 618
1 2 68 1014
1 2 71 4689
1 2 71 6091
2 2 80 551
1 2 80 2792
2 2 80 6779
1 2 89 1568
1 2 89 4677
1 2 89 7446
1 2 101 431
2 2 101 1470
2 2 101 2177
2 2 101 2990
1 2 110 2750
1 2 110 8734
1 2 115 391
1 2 115 3185
1 2 118 7389
1 2 118 7447
1 2 122 906
1 2 122 2574
1 2 122 2827
1 2 123 8125
1 2 123 8159
1 2 130 135
1 2 130 2589
1 2 131 8508
1 2 131 8509
1 2 132 4677
1 2 132 7499
1 2 133 7305
1 2 133 7358
1 2 135 3156
1 2 141 3415
1 2 141 4325
1 2 141 8448
1 2 141 8516
1 2 157 465
1 2 157 7484
1 2 158 8609
1 2 158 8661
1 2 173 4233
1 2 173 6720
1 2 176 3600
1 2 176 5637
1 2 178 6364
1 2 178 6453
2 2 182 1935
2 2 182 5724
1 2 184 1612
1 2 184 4274
1 2 184 6739
1 2 192 783
1 2 192 1926
1 2 192 3136
1 2 195 1041
1 2 195 5629
1 2 213 990
1 2 213 1612
1 2 213 6626
1 2 213 6653
1 2 226 5040
1 2 226 6627
1 2 234 1092
1 2 234 1514
1 2 234 3600
1 2 234 5564
1 2 236 6464
1 2 236 6521
1 2 237 390
1 2 237 6070
1 2 237 6149
1 2 249 488
1 2 249 562
1 2 249 958
1 2 249 6751
1 2 253 5040
1 2 253 6639
1 2 260 1190
2 2 260 2063
2 2 260 5793
1 2 270 6074
1 2 270 6124
1 2 271 5154
1 2 309 464
1 2 309 2468
1 2 313 1513
1 2 313 3714
1 2 313 5846
1 2 323 1092
1 2 323 4652
1 2 323 5564
1 2 345 1499
1 2 345 3489
1 2 345 6788
1 2 346 1711
1 2 346 9237
1 2 347 445
1 2 347 957
1 2 360 1839
1 2 360 5443
1 2 360 5489
1 2 364 3130
1 2 364 4664
1 2 377 2589
1 2 377 2782
1 2 385 3430
1 2 385 4786
1 2 389 711
1 2 389 1385
1 2 390 6364
1 2 391 1814
1 2 395 818
1 2 395 7248
1 2 405 6940
1 2 405 7001
1 2 411 1889
1 2 411 3837
1 2 417 8378
1 2 417 8567
1 2 431 833
1 2 434 1780
1 2 434 4056
1 2 438 5594
1 2 438 5619
2 2 440 1180
2 2 440 6233
1 2 444 1039
1 2 444 2371
1 2 445 1814
1 2 451 2880
1 2 452 1044
1 2 452 8846
1 2 456 5139
1 2 456 9110
1 2 456 9147
1 2 456 9189
1 2 464 1522
1 2 465 3026
1 2 469 996
1 2 469 1188
1 2 469 6320
1 2 485 1269
1 2 485 2413
1 2 488 562
1 2 488 958
1 2 488 6666
1 2 494 3755
1 2 502 2263
1 2 502 2585
1 2 502 6807
1 2 502 6893
1 2 505 8875
1 2 508 4493
1 2 508 15793
1 2 509 673
1 2 509 7349
1 2 511 4325
1 2 517 3351
1 2 517 9217
1 2 517 9258
1 2 517 9273
2 2 520 1265
2 2 520 5699
1 2 531 8160
1 2 531 8284
1 2 532 1230
1 2 532 2572
1 2 532 3494
1 2 532 8657
1 2 543 6124
1 2 543 6156
2 2 551 690
2 2 551 2885
1 2 562 1158
1 2 562 6640
1 2 562 6666
1 2 562 6751
1 2 563 4951
1 2 563 9309
1 2 570 936
1 2 570 4505
1 2 570 5545
1 2 576 1717
1 2 576 4977
1 2 578 2610
1 2 578 7719
1 2 580 4641
1 2 580 6922
1 2 581 9214
1 2 581 9249
1 2 602 2413
1 2 602 6769
1 2 618 3147
1 2 618 4110
1 2 620 4604
1 2 623 2096
1 2 623 5393
1 2 631 4452
2 2 636 2063
2 2 636 5795
1 2 652 910
1 2 652 4287
1 2 655 868
1 2 655 4517
1 2 673 1896
1 2 676 4061
1 2 676 9090
1 2 676 9129
1 2 681 2282
1 2 681 8337
1 2 682 7688
1 2 682 7763
1 2 686 848
1 2 686 4845
2 2 690 3895
2 2 690 6671
1 2 692 1042
1 2 692 7186
1 2 700 4575
1 2 700 9412
1 2 704 1762
1 2 704 5451
1 2 704 5518
1 2 706 4159
1 2 706 7283
1 2 711 2440
1 2 717 1129
1 2 717 3136
1 2 732 1385
1 2 732 3156
1 2 732 7565
1 2 733 1598
1 2 733 2592
1 2 752 5605
1 2 752 5673
1 2 758 5914
1 2 758 5957
1 2 759 8631
1 2 783 3185
1 2 809 1527
1 2 809 3122
1 2 809 7450
1 2 811 1646
1 2 811 4956
1 2 811 8642
1 2 818 2700
1 2 823 2158
1 2 823 6189
1 2 827 2938
1 2 827 4553
1 2 828 1298
1 2 828 6138
1 2 833 6962
1 2 834 1968
1 2 834 8647
1 2 834 8703
1 2 836 4930
1 2 842 1614
1 2 842 3882
1 2 848 7198
1 2 868 936
1 2 868 4517
1 2 872 1129
1 2 872 3390
1 2 895 3122
1 2 895 7669
1 2 906 2574
1 2 906 4604
1 2 910 6113
1 2 912 8483
1 2 912 8531
1 2 912 8609
1 2 912 8661
1 2 919 4408
1 2 919 7408
1 2 925 3145
1 2 925 6189
2 2 925 6219
1 2 928 8848
1 2 957 7113
1 2 958 2413
1 2 959 1142
1 2 959 1600
1 2 959 5275
1 2 962 4028
1 2 962 4544
1 2 962 8910
1 2 964 1597
1 2 964 1978
1 2 964 7022
1 2 965 2726
1 2 965 5909
1 2 966 3092
1 2 966 7315
1 2 966 7374
1 2 971 2334
1 2 971 6734
1 2 971 6773
1 2 977 1892
1 2 977 7302
1 2 980 4845
1 2 980 7227
2 2 988 3895
2 2 988 4304
1 2 990 6507
1 2 1001 4842
1 2 1001 6893
1 2 1007 3644
1 2 1007 9306
1 2 1010 4278
1 2 1010 5120
1 2 1010 8987
1 2 1014 5581
1 2 1025 6866
1 2 1026 2021
1 2 1026 3460
1 2 1038 8418
1 2 1038 8430
1 2 1038 8523
1 2 1039 2021
2 2 1041 1935
1 2 1041 4786
1 2 1042 2700
1 2 1044 4270
1 2 1044 8900
1 2 1054 2644
1 2 1054 4725
1 2 1056 3489
1 2 1056 4747
1 2 1088 6111
1 2 1088 6138
1 2 1092 2740
1 2 1092 5564
1 2 1098 1134
1 2 1098 4541
1 2 1098 5673
1 2 1099 2576
1 2 1099 4829
1 2 1099 5514
1 2 1113 1172
1 2 1113 15793
1 2 1124 2811
1 2 1124 4484
1 2 1125 3193
1 2 1125 7825
1 2 1129 7073
1 2 1134 1835
1 2 1134 5766
1 2 1134 5785
1 2 1136 2341
1 2 1136 6589
1 2 1139 2932
1 2 1139 5847
1 2 1142 4679
1 2 1149 1337
1 2 1149 3719
1 2 1150 3488
1 2 1150 7460
1 2 1150 7476
1 2 1158 3170
1 2 1158 6751
1 2 1159 6438
1 2 1159 6491
1 2 1168 1520
1 2 1168 7316
1 2 1172 2574
1 2 1172 2585
1 2 1176 4366
2 2 1180 6296
1 2 1183 1324
1 2 1183 2740
1 2 1188 4493
1 2 1190 1286
1 2 1190 5793
1 2 1190 5884
1 2 1202 3755
1 2 1202 5718
1 2 1217 2468
1 2 1217 3815
1 2 1217 7545
1 2 1217 7630
1 2 1217 15850
1 2 1218 7141
1 2 1218 7214
1 2 1220 5529
1 2 1220 5562
1 2 1224 2782
1 2 1224 7579
1 2 1224 7661
2 2 1225 1286
2 2 1225 1349
2 2 1225 5793
1 2 1230 4675
1 2 1260 1509
1 2 1260 2517
1 2 1260 6117
2 2 1265 5864
1 2 1269 2990
1 2 1269 3414
1 2 1269 6959
1 2 1278 7053
1 2 1278 7072
1 2 1278 7138
1 2 1280 7534
1 2 1280 7545
1 2 1283 4793
1 2 1283 8934
1 2 1283 8963
1 2 1283 9011
1 2 1286 5754
2 2 1286 5793
1 2 1296 1956
1 2 1296 3329
1 2 1302 4864
1 2 1302 8656
1 2 1309 2686
1 2 1309 6520
1 2 1314 3644
1 2 1314 9262
1 2 1317 2225
1 2 1317 9350
1 2 1324 1790
1 2 1337 9061
1 2 1346 5899
1 2 1346 5900
1 2 1346 5936
1 2 1346 5941
1 2 1349 5643
1 2 1365 3440
1 2 1365 5691
1 2 1372 7209
1 2 1372 7241
1 2 1372 15856
1 2 1375 3014
1 2 1375 5847
1 2 1381 1600
1 2 1381 5238
1 2 1385 7565
1 2 1392 4828
1 2 1392 6610
1 2 1393 4624
1 2 1393 6101
1 2 1399 2151
1 2 1399 7970
1 2 1419 3679
1 2 1419 8703
1 2 1436 8567
1 2 1436 8665
1 2 1443 4290
1 2 1443 5909
1 2 1444 9249
1 2 1444 9291
1 2 1447 1975
1 2 1447 4076
1 2 1447 5433
1 2 1448 9164
1 2 1448 9231
1 2 1455 3654
1 2 1455 5557
1 2 1457 4976
1 2 1457 8871
1 2 1457 8911
1 2 1467 1790
1 2 1467 4516
1 2 1467 5484
1 2 1468 3993
1 2 1468 4369
1 2 1468 15858
2 2 1470 2990
2 2 1470 7088
1 2 1479 1509
1 2 1479 1803
1 2 1479 2435
1 2 1488 2970
1 2 1488 4113
1 2 1488 5695
1 2 1499 1704
1 2 1499 6788
1 2 1503 3746
1 2 1503 4467
1 2 1509 1591
1 2 1509 1803
1 2 1509 2517
1 2 1513 2753
1 2 1513 5836
1 2 1513 5846
1 2 1513 5854
1 2 1514 3501
2 2 1516 3706
2 2 1516 4665
1 2 1519 3283
1 2 1519 4598
1 2 1519 8917
1 2 1520 4948
1 2 1520 7173
1 2 1522 7561
1 2 1528 4516
1 2 1528 5555
1 2 1568 7446
1 2 1568 7523
1 2 1577 5323
1 2 1584 4665
1 2 1584 5912
1 2 1589 2232
1 2 1589 3268
1 2 1589 8083
1 2 1589 8148
1 2 1591 1803
1 2 1591 6412
1 2 1594 4801
1 2 1594 8001
1 2 1597 1978
1 2 1597 4292
1 2 1597 7022
1 2 1598 5643
1 2 1598 5754
1 2 1608 2251
1 2 1608 5066
1 2 1608 5120
1 2 1612 6653
1 2 1612 6739
1 2 1614 3640
1 2 1615 3341
1 2 1615 7396
1 2 1615 7471
1 2 1625 2341
1 2 1625 4233
1 2 1625 6583
1 2 1646 4956
1 2 1646 8758
1 2 1681 5900
1 2 1694 3755
1 2 1694 4252
1 2 1695 3894
1 2 1695 4433
1 2 1697 2329
1 2 1697 6773
1 2 1701 2792
1 2 1704 6828
1 2 1717 9326
1 2 1724 8284
1 2 1724 8349
1 2 1724 8378
1 2 1740 1774
1 2 1740 5912
1 2 1747 2096
1 2 1747 5535
1 2 1747 5547
1 2 1762 2224
1 2 1762 5518
1 2 1773 4776
1 2 1773 7134
1 2 1773 7180
1 2 1774 2083
1 2 1774 3496
1 2 1775 3882
1 2 1775 6994
1 2 1779 3221
1 2 1779 8111
1 2 1780 8209
1 2 1786 4818
1 2 1786 6085
1 2 1789 9291
1 2 1789 9315
1 2 1791 8096
1 2 1791 8125
1 2 1799 6364
1 2 1799 6507
1 2 1811 2148
1 2 1811 8319
1 2 1819 2679
1 2 1819 7253
1 2 1835 2513
1 2 1835 2787
1 2 1835 5785
1 2 1836 2744
1 2 1836 2811
1 2 1836 5079
1 2 1836 8543
1 2 1839 5489
1 2 1839 5518
1 2 1839 5557
1 2 1853 5332
2 2 1858 5759
2 2 1858 5795
1 2 1865 2771
1 2 1865 3175
1 2 1873 7307
1 2 1873 7315
1 2 1874 3496
1 2 1874 5796
1 2 1880 2373
1 2 1880 8982
1 2 1880 9078
1 2 1889 2753
1 2 1892 2486
1 2 1896 7388
1 2 1896 7424
1 2 1901 9047
1 2 1926 2926
1 2 1932 7616
1 2 1932 7688
1 2 1935 4786
1 2 1939 3476
1 2 1939 3658
1 2 1939 4828
1 2 1949 6720
1 2 1949 6734
1 2 1949 6743
1 2 1956 7396
1 2 1958 2915
1 2 1958 4833
1 2 1962 7116
1 2 1962 15852
1 2 1968 4465
1 2 1968 8647
1 2 1975 3091
1 2 1975 5433
1 2 1978 6958
1 2 1980 2295
1 2 1980 6610
1 2 1987 3658
1 2 1987 6467
1 2 1998 6187
1 2 1998 6192
1 2 2005 6751
1 2 2005 6818
1 2 2012 4112
1 2 2027 2807
1 2 2027 3072
1 2 2030 8943
1 2 2030 8987
1 2 2046 4594
1 2 2046 9026
1 2 2052 3027
1 2 2052 7382
2 2 2063 5795
1 2 2080 9458
1 2 2080 9468
1 2 2083 3014
1 2 2083 3496
1 2 2083 5910
1 2 2083 5914
1 2 2094 3088
1 2 2094 4119
1 2 2098 3188
1 2 2098 5001
1 2 2098 9262
1 2 2099 2625
1 2 2099 7738
1 2 2106 3394
1 2 2146 5195
1 2 2146 5216
1 2 2148 2975
1 2 2148 8319
1 2 2148 8430
1 2 2151 8016
1 2 2153 5941
1 2 2153 5997
1 2 2158 2205
1 2 2165 4932
1 2 2165 5966
2 2 2177 7187
1 2 2189 2263
1 2 2189 6788
1 2 2202 3968
1 2 2202 6140
1 2 2205 4900
1 2 2205 6132
1 2 2206 3362
1 2 2206 5576
1 2 2213 2834
1 2 2213 5879
1 2 2216 5517
1 2 2216 5581
1 2 2224 2974
1 2 2225 9306
1 2 2232 8037
1 2 2233 5719
1 2 2233 5772
1 2 2235 9094
1 2 2235 9164
1 2 2239 3213
1 2 2239 4533
1 2 2239 7052
1 2 2251 2541
1 2 2263 6807
1 2 2275 4045
1 2 2275 6231
1 2 2282 8454
1 2 2285 3451
1 2 2291 5405
1 2 2291 5483
1 2 2295 6639
1 2 2324 3928
1 2 2324 6238
1 2 2329 3943
1 2 2329 6855
1 2 2333 3310
1 2 2333 4286
1 2 2333 5287
1 2 2334 4747
1 2 2334 6734
1 2 2335 7889
1 2 2335 8057
1 2 2341 4233
1 2 2341 6589
1 2 2343 3550
1 2 2351 2686
1 2 2351 6453
1 2 2357 2827
1 2 2357 6866
1 2 2369 4679
1 2 2371 3170
1 2 2373 4976
1 2 2373 8973
1 2 2373 8982
1 2 2379 6100
1 2 2379 6111
2 2 2382 4492
2 2 2382 6894
1 2 2394 9442
1 2 2394 9453
1 2 2394 9458
1 2 2397 8694
1 2 2397 8702
1 2 2398 5025
1 2 2398 5122
1 2 2398 6845
1 2 2398 6878
1 2 2412 2807
1 2 2412 3640
1 2 2412 3728
1 2 2426 5238
1 2 2429 5791
1 2 2429 5825
1 2 2433 4047
1 2 2433 4132
1 2 2435 15932
1 2 2439 3017
1 2 2439 5231
1 2 2440 7790
1 2 2447 3019
1 2 2447 7484
1 2 2453 3912
1 2 2453 9367
1 2 2468 7524
1 2 2468 15850
1 2 2486 3131
1 2 2494 7535
1 2 2503 2750
1 2 2503 8508
1 2 2503 8516
1 2 2508 2939
1 2 2508 3901
1 2 2510 3460
1 2 2510 7134
1 2 2513 3255
1 2 2513 5785
1 2 2528 3390
1 2 2528 7307
1 2 2531 8389
1 2 2531 8444
1 2 2535 2572
1 2 2535 8444
1 2 2535 8454
1 2 2537 5563
1 2 2537 5587
1 2 2537 5610
1 2 2543 6816
1 2 2553 4043
1 2 2553 5755
1 2 2572 3494
1 2 2572 8657
1 2 2576 5503
1 2 2576 5514
1 2 2583 6521
1 2 2583 6583
1 2 2585 6807
1 2 2592 5514
1 2 2605 2975
1 2 2605 3415
1 2 2605 8448
1 2 2610 5008
1 2 2619 2625
1 2 2619 5008
1 2 2619 7734
1 2 2620 15854
1 2 2620 15856
1 2 2637 4855
1 2 2637 8806
1 2 2644 3092
1 2 2654 4013
1 2 2654 5201
1 2 2675 8657
1 2 2675 8675
1 2 2679 4776
1 2 2679 7180
1 2 2690 4456
1 2 2690 7660
1 2 2692 7275
1 2 2692 15852
1 2 2694 5768
1 2 2694 5819
1 2 2697 3402
1 2 2721 3928
1 2 2721 6251
1 2 2721 6324
1 2 2726 3777
1 2 2737 4484
1 2 2737 8337
1 2 2744 8543
1 2 2744 8618
1 2 2750 8516
2 2 2752 5705
2 2 2752 5711
1 2 2771 3585
1 2 2782 3724
1 2 2782 7661
1 2 2787 5616
1 2 2789 4025
1 2 2789 5716
1 2 2807 3640
1 2 2811 8543
1 2 2826 3362
1 2 2826 3451
1 2 2826 5660
1 2 2826 5691
1 2 2834 4290
1 2 2834 5075
1 2 2841 6161
1 2 2841 6180
1 2 2870 3837
1 2 2870 5586
1 2 2870 5612
1 2 2870 5620
1 2 2880 4852
2 2 2885 6680
1 2 2905 5631
1 2 2906 7460
1 2 2906 7482
1 2 2909 3287
1 2 2915 8400
1 2 2915 8418
1 2 2925 3255
1 2 2925 4134
1 2 2925 5860
1 2 2926 3019
1 2 2926 4366
1 2 2932 5740
1 2 2932 5819
1 2 2938 6945
1 2 2938 6994
1 2 2939 3036
1 2 2963 5400
1 2 2970 5520
1 2 2970 5571
1 2 2974 5631
1 2 2975 8430
2 2 2990 6959
1 2 2992 9428
1 2 2992 9431
2 2 3001 4107
2 2 3001 6557
2 2 3010 3414
2 2 3010 6894
1 2 3014 5914
1 2 3017 5205
1 2 3022 9134
1 2 3022 9188
1 2 3026 4159
1 2 3027 7408
1 2 3035 6705
1 2 3035 6732
1 2 3036 5102
1 2 3042 3226
1 2 3042 9257
1 2 3072 7116
1 2 3072 7141
1 2 3088 7660
1 2 3091 5521
1 2 3092 7374
1 2 3101 4858
1 2 3101 5533
1 2 3107 4430
1 2 3107 5114
1 2 3107 8103
1 2 3108 3260
1 2 3108 4456
1 2 3122 7581
1 2 3125 4546
1 2 3125 4983
1 2 3125 5180
1 2 3130 8356
1 2 3130 8400
1 2 3145 6156
1 2 3147 5617
1 2 3171 5512
1 2 3175 4251
1 2 3187 3714
1 2 3187 5808
1 2 3188 3435
1 2 3188 9262
1 2 3193 7738
1 2 3213 3311
1 2 3213 7052
1 2 3216 3335
1 2 3216 8252
1 2 3221 8044
1 2 3226 9233
1 2 3228 6373
1 2 3228 6467
1 2 3244 7052
1 2 3244 7132
1 2 3255 3274
1 2 3255 4134
1 2 3255 5785
1 2 3255 5821
1 2 3255 5851
1 2 3255 5860
1 2 3257 9273
1 2 3257 9279
1 2 3260 4725
1 2 3262 6020
1 2 3262 6072
1 2 3262 6100
1 2 3268 8083
1 2 3268 8148
1 2 3274 5821
1 2 3274 5851
1 2 3283 3957
1 2 3283 9000
1 2 3285 3522
1 2 3285 9335
1 2 3285 9384
1 2 3287 6185
1 2 3310 4286
1 2 3310 5263
1 2 3311 3993
1 2 3328 4073
1 2 3328 7265
1 2 3329 7243
1 2 3335 4504
1 2 3341 7455
1 2 3341 7471
1 2 3344 6701
1 2 3344 6739
1 2 3350 4639
1 2 3350 5470
1 2 3351 9217
1 2 3351 9257
1 2 3351 9258
1 2 3382 7196
1 2 3387 4041
1 2 3387 7227
1 2 3387 7248
1 2 3388 3400
1 2 3388 9351
1 2 3394 4113
1 2 3399 5284
1 2 3399 5294
1 2 3399 5304
1 2 3400 9358
1 2 3402 5275
2 2 3414 6959
1 2 3415 8448
1 2 3415 8555
1 2 3428 5376
1 2 3428 5402
1 2 3428 5435
1 2 3430 5547
1 2 3435 4470
1 2 3451 5691
1 2 3452 7455
1 2 3452 7561
1 2 3476 6640
1 2 3483 4504
1 2 3483 4589
1 2 3484 9024
1 2 3484 9025
1 2 3488 4709
1 2 3494 8656
1 2 3508 4132
1 2 3508 4858
1 2 3508 5529
1 2 3522 9384
1 2 3542 3735
1 2 3542 5996
1 2 3542 6022
1 2 3550 5376
1 2 3557 8021
1 2 3557 8111
1 2 3557 8164
1 2 3569 8641
1 2 3576 5997
1 2 3576 6046
1 2 3581 4133
1 2 3581 5201
1 2 3583 3712
1 2 3583 6470
1 2 3585 6743
1 2 3600 5564
1 2 3603 5964
1 2 3603 6020
1 2 3618 3894
1 2 3618 4672
1 2 3618 5773
1 2 3629 4073
1 2 3629 7214
1 2 3638 3712
1 2 3638 6524
1 2 3653 6701
1 2 3653 6705
1 2 3654 5567
1 2 3679 8725
1 2 3679 8859
1 2 3691 4355
1 2 3691 9341
1 2 3703 9358
1 2 3703 9386
1 2 3703 9400
1 2 3712 6524
1 2 3719 9217
1 2 3724 7661
1 2 3724 7711
1 2 3728 6906
1 2 3735 6074
1 2 3746 4456
1 2 3748 4000
1 2 3748 7374
1 2 3777 4932
1 2 3777 5827
1 2 3780 6705
1 2 3794 4358
1 2 3794 4910
1 2 3794 9402
1 2 3809 5165
1 2 3809 5183
1 2 3809 5195
1 2 3814 5218
1 2 3815 7524
1 2 3815 7545
1 2 3815 15850
1 2 3837 5620
1 2 3868 4575
1 2 3868 9341
1 2 3868 9347
1 2 3887 4589
1 2 3887 8697
1 2 3891 4744
1 2 3891 8783
2 2 3895 6671
1 2 3901 4119
1 2 3912 9414
1 2 3922 4426
1 2 3922 7879
1 2 3922 7995
1 2 3928 6209
1 2 3928 6251
1 2 3938 6504
1 2 3939 8641
1 2 3939 8731
1 2 3943 6828
1 2 3943 6855
1 2 3957 9000
1 2 3968 6185
1 2 3987 4664
1 2 3987 8507
1 2 3993 15858
1 2 3995 9351
1 2 4000 4709
1 2 4000 7340
1 2 4009 7447
1 2 4009 7524
1 2 4013 5206
1 2 4025 5610
1 2 4028 8765
1 2 4041 7248
1 2 4041 7305
1 2 4043 5633
1 2 4045 6373
1 2 4047 5325
1 2 4051 8697
1 2 4051 8718
1 2 4051 8759
1 2 4061 4852
1 2 4061 9129
1 2 4075 9472
1 2 4075 9479
1 2 4076 5421
2 2 4107 5049
1 2 4110 5771
1 2 4112 8318
1 2 4113 5695
1 2 4125 8900
1 2 4125 9029
1 2 4132 4858
1 2 4133 5210
1 2 4133 5218
1 2 4134 5833
2 2 4146 4759
2 2 4146 5688
2 2 4146 5699
1 2 4159 7446
1 2 4161 6401
1 2 4251 4274
1 2 4252 5512
1 2 4252 5541
1 2 4257 8672
1 2 4257 8806
1 2 4270 8837
1 2 4270 8900
1 2 4274 6832
1 2 4278 5120
1 2 4283 5563
1 2 4286 4753
2 2 4288 7112
2 2 4288 7166
1 2 4290 5075
1 2 4292 4842
1 2 4311 4900
1 2 4311 6019
1 2 4323 5098
1 2 4323 6906
1 2 4325 8448
1 2 4335 8524
1 2 4335 8646
1 2 4345 9188
1 2 4355 9279
1 2 4358 4910
1 2 4369 4553
1 2 4389 5304
1 2 4389 5327
1 2 4400 4617
1 2 4400 7582
1 2 4400 7602
1 2 4408 7581
1 2 4412 9386
1 2 4412 9400
2 2 4413 4492
1 2 4413 4706
2 2 4413 6779
1 2 4426 8021
1 2 4430 8049
1 2 4442 8763
1 2 4442 8837
1 2 4470 9129
1 2 4476 9468
1 2 4497 4672
1 2 4497 5716
1 2 4497 5773
1 2 4505 4640
1 2 4516 5484
1 2 4516 5555
1 2 4533 4842
1 2 4541 5673
1 2 4544 5066
1 2 4544 8910
1 2 4546 4983
1 2 4546 5168
1 2 4551 5230
1 2 4551 5252
1 2 4553 7001
1 2 4569 7196
1 2 4569 15862
1 2 4585 4598
1 2 4585 8663
1 2 4585 8758
1 2 4594 9026
1 2 4594 9109
1 2 4598 8758
1 2 4604 6958
1 2 4608 8999
1 2 4608 9024
1 2 4608 9042
1 2 4617 7476
1 2 4620 5010
1 2 4620 5102
1 2 4620 8049
1 2 4624 6186
1 2 4641 6818
1 2 4652 5422
2 2 4665 5864
1 2 4669 8754
1 2 4669 8871
1 2 4672 5768
1 2 4672 5773
1 2 4674 5510
1 2 4674 5515
1 2 4675 15851
1 2 4688 9423
1 2 4688 9442
1 2 4689 6209
1 2 4694 8159
1 2 4694 8209
1 2 4694 8252
1 2 4706 6779
1 2 4706 6816
1 2 4709 7340
1 2 4709 7343
1 2 4727 6464
1 2 4753 5323
2 2 4759 5103
1 2 4776 7123
1 2 4776 7180
1 2 4780 9090
1 2 4793 8958
1 2 4793 9011
1 2 4801 8103
1 2 4801 8124
1 2 4803 6097
1 2 4803 6160
1 2 4818 5912
1 2 4829 5470
1 2 4833 8208
1 2 4850 5460
1 2 4850 5517
1 2 4855 8763
1 2 4864 8801
1 2 4897 5821
1 2 4897 5825
1 2 4905 8192
1 2 4905 8292
1 2 4908 8917
1 2 4908 8943
1 2 4930 8509
1 2 4930 8524
1 2 4932 5827
1 2 4948 7138
1 2 4948 7173
1 2 4951 5001
1 2 4956 8846
1 2 4976 8871
1 2 4976 8982
1 2 4977 9237
1 2 4983 5159
1 2 4996 7698
1 2 5005 5568
1 2 5005 5573
1 2 5005 5609
1 2 5008 7630
1 2 5008 7734
1 2 5010 5102
1 2 5010 8083
1 2 5019 5503
1 2 5019 5515
1 2 5025 6845
2 2 5049 6680
1 2 5056 5557
1 2 5056 5633
1 2 5060 8200
1 2 5060 8289
1 2 5075 6009
1 2 5079 8675
1 2 5098 6878
1 2 5102 8049
2 2 5103 5625
1 2 5114 8103
1 2 5114 8214
1 2 5121 8262
1 2 5121 8318
1 2 5122 6832
1 2 5122 6845
1 2 5122 6878
1 2 5139 9110
1 2 5139 9189
1 2 5154 5157
1 2 5157 5160
1 2 5157 5165
1 2 5160 5165
1 2 5180 5184
1 2 5183 5184
1 2 5205 5206
1 2 5210 5218
1 2 5216 5230
1 2 5224 5230
1 2 5224 5231
1 2 5252 5263
1 2 5283 5286
1 2 5286 5287
1 2 5294 5304
1 2 5327 5361
1 2 5352 5374
1 2 5361 5393
1 2 5374 5405
1 2 5376 5402
1 2 5400 5422
1 2 5402 5433
1 2 5411 5443
1 2 5435 5460
1 2 5483 5520
1 2 5489 5518
1 2 5510 5535
1 2 5520 5571
1 2 5521 5549
1 2 5533 5555
1 2 5535 5547
1 2 5549 5586
1 2 5562 5575
1 2 5567 5578
1 2 5567 5605
1 2 5568 5578
1 2 5571 5587
1 2 5573 5609
1 2 5575 5594
1 2 5578 5605
1 2 5586 5606
1 2 5586 5620
1 2 5587 5610
1 2 5606 5620
1 2 5606 5624
1 2 5612 5617
1 2 5616 5624
1 2 5619 5660
1 2 5637 5656
2 2 5688 5699
2 2 5688 5705
1 2 5692 5718
1 2 5695 5740
2 2 5711 5719
2 2 5724 5759
1 2 5740 5819
1 2 5766 5791
1 2 5771 5808
1 2 5772 5796
1 2 5785 5821
1 2 5833 5836
1 2 5836 5854
1 2 5846 5854
1 2 5846 5885
1 2 5851 5860
1 2 5851 5879
1 2 5854 5885
1 2 5860 5879
1 2 5884 5899
1 2 5910 5914
1 2 5936 5941
1 2 5936 5945
1 2 5945 5964
1 2 5957 5971
1 2 5966 5996
1 2 5996 6022
1 2 6009 6019
1 2 6022 6030
1 2 6046 6059
1 2 6059 6097
1 2 6070 6149
1 2 6072 6100
1 2 6072 6101
1 2 6100 6101
1 2 6113 6140
1 2 6115 6132
1 2 6149 15932
1 2 6160 6180
1 2 6160 6196
1 2 6180 6196
1 2 6186 6201
1 2 6187 6196
1 2 6187 6231
1 2 6189 6219
1 2 6189 6236
1 2 6192 6201
1 2 6196 6231
1 2 6209 6251
2 2 6219 6236
2 2 6233 6237
2 2 6236 6237
1 2 6324 6401
1 2 6412 6438
1 2 6444 6455
1 2 6464 6470
1 2 6467 6486
1 2 6486 6498
1 2 6498 6504
1 2 6520 6521
1 2 6524 6568
1 2 6568 6589
1 2 6626 6653
1 2 6720 6734
1 2 6855 6875
1 2 6866 6965
1 2 6875 6900
1 2 6900 6923
1 2 6900 6940
1 2 6922 6962
1 2 6923 6945
1 2 6965 7073
1 2 7022 7053
1 2 7053 7072
2 2 7088 7112
1 2 7113 7123
1 2 7116 7141
1 2 7132 7147
1 2 7147 7156
1 2 7156 7173
1 2 7177 7186
1 2 7180 7198
1 2 7187 7215
1 2 7209 7241
1 2 7209 15858
1 2 7215 7243
1 2 7253 7283
1 2 7265 7274
1 2 7267 7302
1 2 7275 7309
1 2 7313 7326
1 2 7313 7330
1 2 7316 7340
1 2 7316 7343
1 2 7326 7343
1 2 7340 7343
1 2 7358 7389
1 2 7388 7424
1 2 7424 7450
1 2 7460 7476
1 2 7467 7482
1 2 7471 7535
1 2 7484 7565
1 2 7499 7518
1 2 7518 7534
1 2 7523 7550
1 2 7524 15850
1 2 7550 7579
1 2 7582 7602
1 2 7602 7616
1 2 7669 7698
1 2 7711 7719
1 2 7734 7775
1 2 7775 7817
1 2 7817 7889
1 2 7823 7879
1 2 7825 7858
1 2 7970 8007
1 2 7971 8001
1 2 7971 8007
1 2 7995 8037
1 2 8057 8096
1 2 8111 8164
1 2 8123 8124
1 2 8123 8200
1 2 8148 8192
1 2 8164 8208
1 2 8209 8252
1 2 8262 8289
1 2 8284 8378
1 2 8292 8316
1 2 8316 8356
1 2 8363 8389
1 2 8433 8483
1 2 8433 8490
1 2 8444 8454
1 2 8483 8490
1 2 8483 8531
1 2 8484 8490
1 2 8484 8507
1 2 8490 8531
1 2 8523 8572
1 2 8523 8590
1 2 8555 8663
1 2 8572 8590
1 2 8572 8642
1 2 8590 8631
1 2 8590 8642
1 2 8608 8609
1 2 8608 8650
1 2 8609 8661
1 2 8615 8650
1 2 8646 8718
1 2 8647 8694
1 2 8661 8672
1 2 8665 8725
1 2 8702 8754
1 2 8718 8759
1 2 8731 8783
1 2 8734 8765
1 2 8759 8817
1 2 8801 8843
1 2 8817 8830
1 2 8830 8870
1 2 8843 8888
1 2 8848 8859
1 2 8870 8910
1 2 8875 8934
1 2 8934 8963
1 2 8963 8999
1 2 8999 9042
1 2 9000 9026
1 2 9011 9047
1 2 9029 9061
1 2 9042 9075
1 2 9042 9094
1 2 9075 9094
1 2 9078 9110
1 2 9109 9134
1 2 9147 9161
1 2 9189 9214
1 2 9231 9233
1 2 9257 9258
1 2 9309 9335
1 2 9326 9347
1 2 9340 9375
1 2 9341 9347
1 2 9350 9367
1 2 9375 9386
1 2 9384 9402
1 2 9386 9400
1 2 9412 9422
1 2 9414 9423
1 2 9431 9439
1 2 9450 9457
1 2 9479 9483
1 2 9483 9488
1 2 15854 15856
