1 114 
1 121 
1 122 
1 125 
1 158 
1 191 
1 192 
1 204 
1 241 
1 249 
1 271 
1 306 
1 310 
1 321 
1 351 
1 383 
1 399 
1 402 
1 418 
1 476 
1 492 
1 495 
1 511 
1 512 
1 525 
1 540 
1 560 
1 572 
1 587 
1 603 
1 619 
1 620 
1 636 
1 650 
1 657 
1 678 
1 692 
1 719 
1 740 
1 782 
1 788 
1 875 
1 883 
1 885 
1 898 
1 911 
1 915 
1 920 
1 925 
1 949 
1 964 
1 1025 
1 1041 
1 1047 
1 1048 
1 1069 
1 1086 
1 1092 
1 1117 
1 1129 
1 1131 
1 1132 
1 1136 
1 1159 
1 1168 
1 1182 
1 1286 
1 1292 
1 1317 
1 1319 
1 1321 
1 1324 
1 1330 
1 1359 
1 1408 
1 1431 
1 1448 
1 1454 
1 1459 
1 1488 
1 1492 
1 1519 
1 1528 
1 9162
1 1572 
1 1595 
1 1599 
1 1628 
1 1646 
1 1652 
1 1694 
1 1701 
1 1789 
1 1801 
1 1806 
1 1821 
1 1827 
1 1833 
1 1866 
1 1901 
1 1939 
1 1976 
1 2012 
1 2046 
1 2050 
1 2065 
1 2083 
1 2086 
1 2089 
1 2106 
1 2152 
1 2182 
1 2196 
1 2197 
1 2210 
1 2211 
1 2227 
1 2343 
1 2413 
1 2426 
1 2429 
1 2508 
1 2513 
1 2543 
1 2697 
1 2789 
1 2790 
1 2905 
1 2909 
1 2915 
1 2932 
1 2963 
1 3001 
1 3022 
1 3072 
1 3083 
1 3108 
1 3151 
1 3187 
1 3189 
1 3288 
1 3295 
1 3314 
1 3320 
1 3335 
1 3356 
1 3369 
1 3379 
1 3392 
1 3393 
1 3414 
1 3415 
1 3440 
1 3501 
1 3522 
1 3527 
1 3544 
1 3552 
1 3561 
1 3569 
1 3578 
1 3580 
1 3581 
1 3585 
1 3588 
1 3594 
1 3597 
1 3601 
1 3640 
1 3644 
1 3653 
1 3668 
1 3671 
1 3672 
1 3673 
1 3679 
1 3692 
1 3696 
1 3706 
1 3707 
1 3719 
1 3734 
1 3741 
1 3775 
1 3780 
1 3814 
1 3834 
1 3863 
1 3878 
1 3924 
1 3938 
1 3957 
1 3960 
1 3962 
1 3992 
1 4014 
1 4051 
1 4052 
1 4073 
1 4075 
1 4076 
1 4108 
1 4109 
1 4110 
1 4132 
1 4135 
1 4146 
1 4161 
1 4190 
1 4206 
1 4274 
1 4278 
1 4283 
1 4286 
1 4304 
1 4311 
1 4345 
1 4358 
1 4425 
1 4433 
1 4435 
1 4452 
1 4464 
1 4467 
1 4476 
1 4517 
1 4518 
1 4541 
1 4543 
1 4572 
1 4604 
1 4608 
1 4639 
1 4679 
1 4723 
1 4725 
1 4727 
1 4744 
1 4797 
1 4801 
1 4824 
1 4852 
1 4855 
1 4860 
1 4865 
1 4872 
1 4879 
1 4908 
1 4930 
1 4933 
1 4948 
1 4956 
1 4972 
1 5001 
1 5010 
1 5015 
1 5021 
1 5033 
1 5040 
1 5075 
1 5105 
1 5112 
1 5117 
1 5121 
1 5131 
1 5160 
1 5168 
1 5195 
1 5230 
1 5231 
1 5274 
1 5284 
1 5325 
1 5352 
1 5361 
1 5371 
1 5376 
1 5411 
1 5451 
1 5514 
1 5518 
1 5520 
1 5545 
1 5547 
1 5567 
1 5573 
1 5576 
1 5594 
1 5620 
1 5625 
1 5629 
1 5642 
1 5656 
1 5692 
1 5719 
1 5755 
1 5827 
1 5854 
1 5860 
1 5864 
1 5971 
1 6022 
1 6050 
1 6070 
1 6085 
1 6091 
1 6103 
1 6115 
1 6117 
1 6124 
1 6140 
1 6251 
1 6262 
1 6278 
1 6282 
1 6287 
1 6296 
1 6314 
1 6332 
1 6336 
1 6338 
1 6364 
1 6373 
1 6375 
1 6384 
1 6389 
1 6444 
1 6449 
1 6474 
1 6488 
1 6510 
1 6521 
1 6558 
1 6560 
1 6583 
1 6593 
1 6606 
1 6626 
1 6640 
1 6671 
1 6710 
1 6711 
1 6732 
1 6734 
1 6766 
1 6780 
1 6785 
1 6788 
1 6807 
1 6818 
1 6831 
1 6845 
1 6855 
1 6880 
1 6882 
1 6891 
1 6906 
1 6923 
1 6948 
1 6962 
1 6973 
1 6981 
1 6984 
1 7011 
1 7025 
1 7069 
1 7072 
1 7073 
1 7100 
1 7110 
1 7132 
1 7166 
1 7169 
1 7186 
1 7187 
1 7191 
1 7199 
1 7202 
1 7212 
1 7243 
1 7244 
1 7265 
1 7274 
1 7315 
1 7340 
1 7361 
1 7375 
1 7394 
1 7418 
1 7467 
1 7476 
1 7480 
1 7500 
1 7552 
1 7564 
1 7566 
1 7576 
1 7583 
1 7602 
1 7621 
1 7622 
1 7642 
1 7646 
1 7660 
1 7763 
1 7787 
1 7797 
1 7798 
1 7859 
1 7940 
1 7959 
1 7986 
1 8001 
1 8007 
1 8010 
1 8011 
1 8016 
1 8021 
1 8049 
1 8057 
1 8087 
1 8097 
1 8105 
1 8113 
1 8124 
1 8143 
1 8144 
1 8181 
1 8186 
1 8187 
1 8189 
1 8194 
1 8200 
1 8214 
1 8215 
1 8216 
1 8222 
1 8245 
1 8252 
1 8531 
1 8900 
1 8910 
1 8911 
1 8934 
1 9025 
1 9075 
1 9096 
1 9108 
1 9129 
1 9131 
1 9197 
1 528
1 9258 
1 9262 
1 9279 
1 9288 
1 9292 
1 9297 
1 9335 
1 9340 
1 9347 
1 9355 
1 9392 
1 9417 
1 9422 
1 9427 
1 9428 
1 9434 
1 9450 
1 9458 
1 9483 
1 9490 
1 9495 
1 9496 
1 9498 
5 15850  # Virodunum
1 3724   # Brigantium
1 7825   # Gesonia
1 7806   # Noviomagus
5 7180   # Argentoratum
5 7823   # Mogontiacum
1 957    # Sorviodurum
1 464    # Glevum
1 1956   # Durovernum
1 3460   # Reccared
1 711    # Salians
1 465
1 2737 
1 8160 
1 8843 
1 8618
1 1527 
1 7388
1 7302
1 2620
1 4569
1 4842