state={
	id=510
	name="Ilha1"
	history={
	}
	provinces={
		11130    12602    15937    15941 15942 15943          15953   15956      15962 15963 15964   15967          15977     15982     15987 15988  15990  15992  15994    15998 15999        16007 16008     16013  16015  16017     16022     16027  16029  16031 16032 16033  16035    16039 16040   16043 16044 16045     16050       16057  16059    16063   16066     16071 16072  16074  16076 16077  16079   16082  16084  16086 16087 16088   16096     16095 11605  16098  16100    16104 16105    16109  16111 16112     16117 16118   16121   
	}
	manpower=100000
	buildings_max_level_factor=1.000
	state_category=town
	local_supplies=0.000
}