state={ 
	id=511 
	name="Ilha2" 
	history={ } 
	provinces={      16323  16132  16134 16135         16143  16145     16150  16152  16154    16158     16163 16164 16165     16170             16183     16188         16197        16205  16207   16210   16213  16215 16216   16219 16220  16222    16226  16228  16230      16236       16243   16246   16249            16261 16262   16265  16267   16270  16272   16275 16276             16289   16292   16295         16304      16310     16315       16322 } 
	manpower=100000 
	buildings_max_level_factor=1.000 
	state_category=town 
	local_supplies=0.000 
}
