state={
    id=512
    name="Ilha12"
    manpower=100502 
	buildings_max_level_factor=1.000 
	state_category=town 
	local_supplies=0.000 
    provinces={
        16126 16128 16131 16138 16140 16141 16142 16153 16155 16161 16162 16169 16172 16174 16176 16179 16185 16187 16190 16200 16201 16206 16212 16217 16229 16232 16233 16238 16239 16240 16242 16247 16250 16251 16254 16258 16259 16268 16281 16282 16283 16285 16298 16299 16301 16302 16306 16313 16318 16319
        16139 16175 16223 16231 16273 16278 16288 16305
    }
    resources={
        coal=10
    }
}
