state={
    id=517
    name="Nort Island"
    manpower=50000
    state_category=city
    buildings_max_level_factor=1
    local_supplies=0
    provinces={
        13776 15936 15938 15939 15945 15947 15949 15950 15951 15960 15961 15966 15969 15970 15971 15972 15973 15976 15980 15984 15989 16000 16001 16005 16006 16012 16014 16016 16018 16021 16023 16024 16030 16037 16038 16042 16054 16056 16062 16064 16065 16067 16069 16073 16078 16081 16085 16089 16092 16093 16094 16097 16099 16101 16102 16110 16122 16124
    }
}
