state={
    id=518
    name="Northeast"
    manpower=100000
    buildings_max_level_factor=1.000
	state_category=town
	local_supplies=0.000
    provinces={
        14025 14814 15940 15944 15948 15952 15954 15955 15958 15959 15965 15968 15974 15975 15978 15979 15981 15983 15985 15991 15993 15995 15996 15997 16002 16003 16004 16009 16010 16011 16019 16025 16028 16034 16036 16041 16046 16048 16049 16051 16052 16053 16055 16058 16061 16068 16080 16083 16090 16091 16103 16106 16107 16108 16113 16116 16119 16120
    }
}
